
dist2:  13

hello




vero array:  749 201 721 218 719 229 558 190 546 189 534 180 528 167 445 140 404 147 392 152 348 162 217 173 99 113 58 86 39 73 13 53 



ressize:  7

dist2:  58

hello




vero array:  905 44 861 82 854 88 853 90 826 116 811 128 807 126 788 153 784 161 749 201 747 193 732 219 721 218 719 229 718 232 711 232 698 218 646 224 643 234 631 224 623 229 611 227 559 200 558 190 546 189 536 184 534 180 531 179 528 167 525 174 524 172 456 133 445 140 404 147 392 152 380 154 377 155 358 160 357 156 348 162 334 162 306 170 305 167 258 179 256 173 245 177 228 174 217 173 209 170 208 166 183 157 175 144 172 148 138 130 130 131 99 113 67 85 58 86 



ressize:  8

dist2:  19

hello




vero array:  814 129 811 128 807 126 788 153 785 156 784 161 749 201 747 193 732 219 725 222 721 218 719 229 718 232 711 232 705 233 698 218 646 224 643 234 631 224 623 229 611 227 608 224 559 200 558 190 546 189 542 187 536 184 534 180 531 179 528 167 525 174 524 172 498 136 456 133 445 140 404 147 392 152 380 154 377 155 358 160 357 156 348 162 334 162 306 170 305 167 258 179 256 173 245 177 228 174 217 173 209 170 208 166 183 157 175 144 172 148 138 130 130 131 99 113 67 85 58 86 39 73 37 68 23 61 20 59 19 54 







poss: 100   1   4  
res:  814 705 525 358 209 39 19 
index:   209
814 129 811 128 807 126 788 153 785 156 784 161 749 201 747 193 732 219 725 222 721 218 719 229 718 232 711 232 705 233 698 218 646 224 643 234 631 224 623 229 611 227 608 224 559 200 558 190 546 189 542 187 536 184 534 180 531 179 528 167 525 174 524 172 498 136 456 133 445 140 404 147 392 152 380 154 377 155 358 160 357 156 348 162 334 162 306 170 305 167 258 179 256 173 245 177 228 174 217 173 209 170 
res_f:  19 39 209 
new_dist_2:  209 
0x602000002c70
0x6030000056e0
0x603000005710
0x603000005740
0x618000048080
0x0
0x602000002c50

dist2:  209

hello




poss: 78   1   3  
res:  814 705 525 358 209 
index:   357
814 129 811 128 807 126 788 153 785 156 784 161 749 201 747 193 732 219 725 222 721 218 719 229 718 232 711 232 705 233 698 218 646 224 643 234 631 224 623 229 611 227 608 224 559 200 558 190 546 189 542 187 536 184 534 180 531 179 528 167 525 174 524 172 498 136 456 133 445 140 404 147 392 152 380 154 377 155 358 160 357 156 
res_f:  19 39 209 357 
new_dist_2:  357 
0x602000002d10
0x6030000058f0
0x603000005920
0x603000005950
0x61700003f400
0x0
0x602000002cf0

dist2:  357

hello




poss: 60   2   2  
res:  814 705 525 357 
index:   524
814 129 811 128 807 126 788 153 785 156 784 161 749 201 747 193 732 219 725 222 721 218 719 229 718 232 711 232 705 233 698 218 646 224 643 234 631 224 623 229 611 227 608 224 559 200 558 190 546 189 542 187 536 184 534 180 531 179 528 167 525 174 524 172 
res_f:  19 39 209 357 524 
new_dist_2:  524 
0x602000002d90
0x604000004c10
0x604000004c50
0x604000004c90
0x615000018400
0x0
0x6030000059b0

dist2:  524

hello




poss: 28   1   1  
res:  814 705 524 
index:   698
814 129 811 128 807 126 788 153 785 156 784 161 749 201 747 193 732 219 725 222 721 218 719 229 718 232 711 232 705 233 698 218 
res_f:  19 39 209 357 524 698 
new_dist_2:  698 
0x602000002df0
0x604000004cd0
0x604000004d10
0x604000004d50
0x611000012740
0x0
0x6030000059e0

dist2:  698

hello
ressize:  2

dist2:  172

hello




vero array:  811 128 807 126 788 153 785 156 784 161 749 201 747 193 732 219 725 222 722 219 721 218 719 229 718 232 711 232 705 233 698 218 646 224 643 234 631 224 623 229 611 227 608 224 559 200 558 190 546 189 542 187 536 184 534 180 531 179 528 167 525 174 524 172 498 136 473 135 456 133 445 140 404 147 392 152 380 154 377 155 358 160 357 156 348 162 334 162 306 170 305 167 258 179 256 173 251 181 245 177 228 174 217 173 209 170 208 166 183 157 175 144 172 148 







poss: 104   1   4  
res:  811 705 473 348 209 172 
index:   208
811 128 807 126 788 153 785 156 784 161 749 201 747 193 732 219 725 222 722 219 721 218 719 229 718 232 711 232 705 233 698 218 646 224 643 234 631 224 623 229 611 227 608 224 559 200 558 190 546 189 542 187 536 184 534 180 531 179 528 167 525 174 524 172 498 136 473 135 456 133 445 140 404 147 392 152 380 154 377 155 358 160 357 156 348 162 334 162 306 170 305 167 258 179 256 173 251 181 245 177 228 174 217 173 209 170 208 166 
res_f:  172 208 
new_dist_2:  208 
0x6020000033d0
0x602000003350
0x602000003370
0x602000003390
0x618000050480
0x0
0x6020000033b0

dist2:  208

hello




poss: 28   1   1  
res:  811 705 473 348 208 
index:   705
811 128 807 126 788 153 785 156 784 161 749 201 747 193 732 219 725 222 722 219 721 218 719 229 718 232 711 232 705 233 
res_f:  172 208 348 473 705 
new_dist_2:  705 
0x6020000034f0
0x602000003410
0x602000003430
0x602000003450
0x611000014680
0x0
0x603000006070

dist2:  705

hello
ressize:  2
