aggiungi-stazione 78736128 7 9743796 9024886 10127174 8298942 8219912 9753020 8440065
demolisci-stazione 78736128
aggiungi-stazione 1910859 8 7991962 7123420 6360191 6066592 6702885 7666111 8028527 7219696
aggiungi-auto 1910859 6532607
rottama-auto 1910859 7123420
aggiungi-stazione 35720022 5 7015944 8196606 8106649 7111451 8723972
aggiungi-auto 35720022 8386221
demolisci-stazione 1910859
aggiungi-stazione 59859390 7 9159998 9405264 7351556 9217123 7520786 7943249 7290616
aggiungi-auto 59859390 8263447
aggiungi-stazione 61299027 8 7557193 8679609 7349008 8221972 7732939 9373346 8441934 8424590
aggiungi-auto 61299027 8989273
aggiungi-auto 61299027 9637582
pianifica-percorso 35720022 59859390
aggiungi-auto 35720022 8157167
aggiungi-stazione 10890269 5 8244478 6594081 8285604 7554297 6622327
aggiungi-auto 10890269 8299832
pianifica-percorso 35720022 61299027
aggiungi-stazione 35436466 10 6863078 8886161 7233624 8056896 7915462 7209374 6935896 8146757 9000276 7851751
pianifica-percorso 35436466 59859390
aggiungi-stazione 6936517 4 6832933 7487349 6891026 7112123
aggiungi-auto 6936517 8161393
aggiungi-auto 6936517 6717252
aggiungi-auto 59859390 7314087
aggiungi-auto 59859390 7917966
pianifica-percorso 35720022 10890269
aggiungi-stazione 54956573 5 7870585 7693645 7246080 7682255 7815339
aggiungi-auto 54956573 7663000
aggiungi-stazione 40309674 6 9034234 8177182 8217832 8594290 7563920 7871829
aggiungi-stazione 35962161 6 7000232 8921079 7483386 7457935 7462902 7139993
aggiungi-auto 35962161 7175527
aggiungi-stazione 31542030 6 8191262 7042821 7701851 8900670 7578898 8690665
aggiungi-auto 31542030 7905941
aggiungi-auto 31542030 7873820
aggiungi-auto 31542030 7453325
aggiungi-stazione 19013206 7 7118303 7798662 7232178 8507349 8469365 8223871 6775534
aggiungi-auto 19013206 7396618
aggiungi-auto 19013206 6774077
aggiungi-auto 19013206 6780392
pianifica-percorso 61299027 31542030
aggiungi-stazione 45745445 9 7754471 6898254 7718821 6985026 7455514 7056497 8580531 8375487 8038253
aggiungi-auto 45745445 7551892
aggiungi-stazione 6678964 6 6847077 7306000 6797449 7378609 6878392 7405091
aggiungi-auto 6678964 6965075
aggiungi-auto 6678964 6412793
pianifica-percorso 35962161 45745445
aggiungi-stazione 53552103 10 8275857 8425321 8404886 7197511 7283163 7917352 8053683 9402532 8113849 7551213
aggiungi-stazione 12434604 4 6330565 7931360 6909893 6580768
aggiungi-auto 12434604 8259249
aggiungi-stazione 32596907 5 7888176 7093137 8051163 7161651 8492759
aggiungi-stazione 7642188 7 6717608 7371960 8053122 6459303 8214130 8034322 6406764
aggiungi-stazione 13602496 6 7868583 7404523 7106349 7154778 6899036 7179788
aggiungi-stazione 7383310 6 7384149 6672573 7143889 7076798 6824815 7217433
aggiungi-auto 7383310 7240100
aggiungi-auto 7383310 7186378
aggiungi-auto 7383310 6335188
pianifica-percorso 59859390 6678964
pianifica-percorso 54956573 10890269
pianifica-percorso 45745445 6678964
aggiungi-stazione 94850881 7 9439885 8031145 8691829 9918783 8837133 8202407 10090504
aggiungi-auto 94850881 9425282
aggiungi-auto 94850881 9812394
aggiungi-stazione 51254444 9 7087580 8306754 7859539 9418983 8382739 8387960 8756393 7339079 8196903
aggiungi-auto 51254444 8779575
aggiungi-auto 31542030 7720808
aggiungi-stazione 12582353 10 7342136 8136628 8197679 7635314 8433090 8065259 6918473 8309571 6391051 6380229
aggiungi-stazione 40296944 8 9106777 8130715 7664369 8718812 7055085 7185134 7212928 6898702
aggiungi-stazione 78765827 6 8631885 8562478 7984340 7788902 8871492 8820239
aggiungi-auto 78765827 9562257
aggiungi-auto 78765827 8762820
aggiungi-stazione 26164135 5 7009484 8307632 8750383 6914060 7241402
aggiungi-stazione 80943592 7 9722374 9203560 9179487 7806163 10046866 8197398 8259830
aggiungi-auto 80943592 8487028
aggiungi-auto 80943592 9667017
aggiungi-stazione 13667071 4 7267555 6808408 8085015 6260619
aggiungi-auto 13667071 7342480
pianifica-percorso 7383310 80943592
aggiungi-stazione 93564412 7 8360090 8619883 7994383 9063664 8680300 10326966 8973402
aggiungi-auto 93564412 7957704
aggiungi-stazione 96845147 9 7886664 9634299 10051109 7845695 10179114 9610218 8099341 8643537 10483300
aggiungi-stazione 88171125 4 9893138 9004501 7955954 7783972
aggiungi-auto 88171125 9575443
rottama-auto 13667071 6260619
aggiungi-stazione 98432965 6 9875164 8421696 9595839 7914267 7871717 9829294
aggiungi-auto 98432965 10598629
aggiungi-auto 98432965 9330616
rottama-auto 61299027 9637582
aggiungi-auto 61299027 17466800
aggiungi-auto 78765827 17466800
pianifica-percorso 94850881 32596907
